0.1570671 0.14281909
0.0126604615 0.0756922
-0.0037911376 -0.119841576
0.15742044 -0.1364644
0.16917539 -0.1797597
-0.19600555 -0.19301341
-0.09180548 0.19248337
-0.19582325 -0.026683044
0.02490799 0.12376398
0.15793405 -0.018584412
0.14691037 -0.019906662
0.16390619 -0.03905551
-0.10519791 0.050882246
-0.1727244 0.14563745
-0.16506407 -0.03889554
-0.12132022 0.15311523
-0.050851896 -0.012997773
-0.05595775 0.042520188
-0.0102992095 0.19875793
-0.00945549 0.07456415
-0.1626222 0.07167279
-0.036468077 -0.12025106
-0.013628525 0.014987061
0.10926932 -0.020673111
0.10572928 -0.11006052
-0.08328626 0.06603311
0.16939688 -0.14236544
-0.04331732 0.060009703
-0.16774595 0.050656725
-0.12095816 0.088167965
-0.18380767 -0.055718277
-0.040852234 0.12726477
-0.052315813 0.063976474
-0.14366663 -0.10677977
0.17714353 -0.13770875
-0.16645193 -0.0010625306
0.062630676 -0.10687688
0.043436006 0.043624025
0.19931638 -0.026193649
0.048485857 0.098115414
0.13603738 -0.1690448
-0.17101212 -0.17101254
0.18696038 -0.14390996
0.041222624 0.031577058
0.19676791 0.13970475
-3.4832762E-4 -0.15307227
0.060097717 -0.09827244
-0.06778009 -0.19509897
-0.030343674 0.19267663
-0.060218047 0.10626678
0.043192033 0.0098573
0.0029661714 -0.17223549
0.059304748 -0.13042048
-0.17243636 0.059435546
0.1490954 0.018735215
-0.01089592 -0.027275773
0.10936536 0.08255203
0.09623724 -0.06304918
-0.08082638 0.16157809
-0.11029939 -0.12696123
-0.1180037 0.14783734
-0.040895388 0.13534409
-0.061285585 -0.028227234
-0.09517012 -0.020142792
0.091634646 0.06845062
-0.010412766 9.3714905E-4
0.06742523 -0.079822205
0.08746798 0.046364333
-0.120817326 0.05607425
-0.19731267 -0.044624403
0.10803122 0.03638559
-0.06797428 -0.13376176
-0.17284313 0.19580606
0.0017796936 -0.075154185
-0.018313294 -0.15254694
0.02067456 -0.13395773
0.19330175 0.045276888
0.13474084 0.06341797
-0.012883667 0.16175006
0.009948639 0.13593787
-0.02037558 -0.03995578
-0.15400012 0.0019721221
0.19110611 -0.0677854
0.0639335 0.08037213
-0.044241592 -0.14994088
-0.0838264 -0.092319064
-0.16883354 -0.14755423
-0.07331882 -0.1198427
-0.1799813 0.09739465
-0.15147331 0.105037265
0.0068937377 0.07070441
-0.024681274 0.17962754
-0.09153741 -0.096685916
-0.10842421 -0.11206835
-0.10524127 0.051033523
-0.19335458 -0.15267837
0.051725082 -0.016851502
-0.12026567 0.043299224
-0.15824538 0.16735007
0.18384252 0.10590763/30 69 95
30 33 95
5 41 95
5 41 47
14 30 33
14 63 81
14 30 69
41 86 95
33 86 95
21 80 85
7 14 69
41 59 86
41 47 59
33 59 86
63 85 92
14 63 92
14 33 92
63 81 97
0 18 44
21 73 80
4 47 51
28 81 97
14 35 81
7 14 35
28 35 81
7 28 35
47 59 71
16 55 80
16 55 65
55 65 96
55 73 96
55 73 80
62 80 85
16 62 80
62 63 85
16 62 63
16 17 63
33 92 93
33 59 93
0 8 18
38 54 76
44 76 99
0 44 99
11 38 82
11 24 82
3 24 82
11 24 57
10 11 57
66 73 96
57 66 96
24 57 66
24 36 66
4 40 51
3 24 40
28 68 97
20 28 68
20 29 68
20 53 88
20 28 53
7 53 88
7 28 53
47 71 84
21 71 84
85 87 92
87 92 93
21 85 87
21 71 87
59 87 93
59 71 87
16 22 65
16 17 22
17 25 32
12 63 97
12 17 63
12 17 25
20 88 89
20 29 89
13 88 89
29 60 89
13 60 89
13 72 98
6 72 98
0 8 39
50 65 96
22 50 65
22 43 50
29 49 60
25 29 49
25 32 49
19 31 49
49 58 60
19 31 79
8 19 79
8 18 79
9 38 54
9 10 54
9 11 38
9 10 11
50 70 96
76 77 99
54 76 77
54 70 77
4 26 42
4 26 40
3 26 40
23 57 96
10 23 57
23 70 96
23 54 70
10 23 54
46 66 73
46 73 75
36 46 75
2 73 75
2 21 73
51 52 75
40 51 52
36 52 75
24 40 52
24 36 52
47 74 84
47 51 74
21 74 84
2 21 74
19 22 27
17 22 27
17 27 32
27 32 49
19 27 49
22 43 90
19 22 90
68 94 97
29 68 94
25 29 94
13 15 98
6 15 98
6 15 58
39 56 83
0 39 56
56 77 99
0 56 99
49 58 61
31 61 79
6 48 58
50 67 70
43 50 67
34 42 82
3 34 82
45 51 75
45 51 74
2 45 75
2 45 74
37 43 90
37 67 83
37 43 67
1 8 39
1 37 90
1 8 19
1 39 83
1 37 83
64 70 77
56 64 77
64 67 70
64 67 83
56 64 83
58 61 91
48 58 91
18 48 91
61 78 91
61 78 79
18 78 91
18 78 79