0.063243985 0.17870523
-0.18994391 -0.06284755
0.10297726 -0.18099771
-0.12958682 0.08455808
9.911042E-4 0.15633081
0.10679315 -0.12101767
0.022660019 0.011513046
0.03990059 0.19702215
0.049235947 -6.7579653E-4
0.059996307 -0.1701777
-0.114870496 0.19153138
0.08984015 -0.032047365
-0.14749317 -0.17968331
-0.11875763 -0.10123289
-0.009351822 0.13285537
-0.060568403 -0.081358865
0.024012726 0.18470636
0.1869049 0.16770469
0.08740619 -0.028942948
0.043563507 -0.16540015
-0.10993046 0.16145025
0.16939746 -0.17277439
0.010164765 0.17735736
-0.14734606 0.11746335
0.04054175 0.116058074
0.19944769 -0.120164916
-0.18440504 -0.006809662
0.16553967 0.07351022
-0.14652395 0.1957507
-0.15083966 -0.13712828
-0.07981653 -0.015791107
-0.076820016 0.114060976
0.19061813 -0.035049394
-0.08023181 -0.19513337
0.13134238 0.111937806
0.19133164 0.0855867
-0.09847913 0.11997302
-0.03538971 0.052903336
-0.14037411 0.023232482
0.1932428 0.052441314
0.027466508 0.044991165
-0.18298212 0.0948682
-0.19027734 -0.07784453
-0.12119663 0.022707397
0.062441986 -0.03294873
-0.03557115 -0.15069203
0.07015729 0.015835525
-0.14551923 0.13772565
-0.0930783 0.026116211
0.054191727 -0.09305956
-0.043598693 0.115327485
0.14876029 -0.06154637
0.04122734 -0.10317981
0.17316192 0.08169162
0.009358399 0.12444388
-0.14930029 0.07687994
0.14875124 0.0818194
-0.18766785 -0.034539077
-0.18904449 0.06398282
0.13459888 -0.14170364
0.13534378 0.042327378
-0.1906189 0.17964417
-0.049164414 0.15572955
-0.028324721 0.080309786
0.019681854 0.13962637
-0.14383645 -0.12222757
0.16291489 0.13006204
0.13002731 -0.022947097
0.11045166 -0.06795087
-0.035192948 -0.022547059
-0.052167818 -0.07705524
0.07705771 0.08213202
-0.1603075 -0.094870545
-0.19478 0.18612558
0.107083835 0.09254678
0.12391995 -0.108573385
0.18766718 0.008321731
-0.1415429 -0.06602203
-0.06309688 0.012674896
-0.010558411 -0.063064285
0.013136596 0.029894013
0.07452857 0.038689088
0.1647092 -0.010335709
0.111368194 -0.1245579
-0.006064911 -0.13769867
-0.020119995 0.10050031
0.058215607 -0.09867697
-0.10433662 -0.14915513
0.08625592 0.09354974
0.14891092 -0.13756008
0.09705456 0.17098
0.069990024 0.106588654
-0.17292581 -0.094235465
-0.16446006 -0.13064313
-0.0309617 0.066638246
-0.004611252 0.004695389
-0.1673516 -0.0296212
0.15496555 0.12074564
-0.16205512 -0.14531012
-0.009439133 -0.14951615/12 33 87
69 79 95
19 33 99
52 79 84
19 84 99
19 52 84
33 45 99
33 45 87
15 45 87
45 84 99
8 44 79
49 52 79
44 49 79
21 25 89
51 75 89
25 51 89
7 10 22
69 70 79
70 79 84
45 70 84
15 45 70
30 69 70
15 30 70
9 19 33
2 9 33
6 79 95
6 8 79
8 18 44
25 32 51
21 59 89
2 21 59
2 59 83
59 75 89
59 75 83
10 22 62
15 30 77
19 52 86
9 19 86
49 52 86
41 58 73
23 41 47
38 55 58
41 55 58
23 41 55
29 65 87
12 29 87
13 65 87
13 15 87
13 15 77
6 80 95
51 67 68
51 68 75
49 68 86
44 49 68
51 67 82
32 51 82
60 67 82
2 5 9
5 9 86
5 68 86
5 68 75
10 20 62
20 28 47
10 20 28
31 50 62
14 50 85
14 50 62
30 43 48
38 43 55
31 37 48
37 80 95
13 72 77
13 65 72
28 61 73
28 47 61
41 47 61
23 36 47
20 36 47
31 36 62
20 36 62
26 38 58
12 29 98
71 74 81
60 74 81
6 8 40
6 40 80
40 71 81
24 40 71
24 40 85
8 18 46
18 46 67
40 46 81
8 40 46
46 60 81
46 60 67
27 39 60
0 24 64
0 7 16
16 22 64
0 16 64
7 17 90
0 7 90
24 54 85
14 54 85
24 54 64
14 54 64
4 22 62
4 14 62
4 22 64
4 14 64
11 67 68
11 44 68
60 76 82
39 60 76
32 76 82
3 43 55
3 43 48
3 23 55
3 23 36
3 31 48
3 31 36
38 43 96
30 77 96
30 43 96
26 38 96
1 77 96
50 63 85
40 63 85
31 50 63
69 78 95
37 78 95
30 69 78
37 48 78
30 48 78
72 77 92
1 77 92
1 42 92
26 57 96
1 57 96
24 71 91
34 90 91
34 74 91
0 90 91
0 24 91
56 60 74
27 56 60
34 56 74
34 66 90
17 66 90
17 35 66
31 63 94
31 37 94
37 80 94
40 80 94
40 63 94
42 92 93
29 93 98
29 65 93
72 92 93
65 72 93
74 88 91
71 88 91
71 74 88
35 39 53
27 39 53
27 53 56
34 56 97
53 56 97
35 66 97
35 53 97