-0.12604438 0.10988571
-0.13791998 0.09921458
-0.15716296 0.16686882
-0.13025348 0.12255593
-0.099918015 0.20756899
-0.10335067 0.1101208
-0.24796066 0.10011758
-0.17470808 0.0916339
-0.08685947 -0.016016914
-0.087603584 -0.015347283
-0.11253337 -0.005051928
-0.12670732 0.0256278
-0.12163148 0.01883766
-0.08180372 -0.0245239
-0.002324611 -2.342688
-0.081898704 0.23107585
-0.07036317 0.13215302
-0.07177733 0.0666554
-0.07276567 0.06329863
-0.069598965 0.029984878
-0.12971313 -0.015448729
-0.19218364 0.03712417
-0.22527261 -0.12274952
-0.3313513 -0.14968123
-0.17239703 -0.1779856
-0.09235943 -0.076383345
0.029415218 -1.5599446
-0.0429083 -0.1092025
0.028507998 0.001603613
0.017097777 0.010749064
0.18233691 -0.016941862
0.3544655 0.0136613995
0.105234966 -0.06565157
0.09453237 0.18231435
0.03528391 0.17085473
-0.05912098 0.32544386
-0.050080605 0.48378393
0.022570588 0.1799582
-0.03685189 0.1313992
0.16214575 0.031488463
0.17743261 0.031247312
0.18599136 0.033789843
0.011706776 0.025800224
0.01925848 0.05029832
-0.05408653 0.064821385
-0.017483309 0.09511303
0.0058106133 0.08071225
-0.144857 -0.050778862
-0.19753294 -0.028919026
-0.23660296 -0.014633598
-0.20059663 0.009243103
-0.15618533 -0.014476398
-0.17602476 0.017652456
-0.18360235 0.040894058
-0.17523968 0.060129337
-0.17373955 0.020037381
-0.16221438 0.026095139
-0.082299285 -0.44568694
0.15668507 0.027689261
0.014669528 -0.17382476
-0.069672324 -0.028001126
0.010561842 0.004167954
-0.03835433 -0.106786616
-0.026008379 -0.055357736
-0.024425168 -0.054711398
0.05389365 -0.0568721
0.036508318 -0.032674305
0.0022964922 -0.061939012
0.1296614 -0.039014913
0.087706566 0.15796001
0.08934239 0.17657568
0.07349299 0.17118554
0.05610605 0.10908904
-0.01823639 0.16737284
-0.014623795 0.16735418
-0.035729002 0.13248898
0.02002902 0.13339187
0.020066466 0.14943115
0.027105493 0.11324025
0.021278083 0.13203634
0.048371654 0.11274601
0.050750144 0.14348967
0.18451971 0.06784157
0.24566327 0.09846965
0.094309516 0.11520212
0.062419675 0.1001683
0.083582886 0.063917436
0.06399431 0.069262445
0.10403781 0.08585205
-0.029914282 0.02040487
-0.008981118 0.028231328
-0.058902163 0.031165924
-0.038100477 0.0478691
-0.106428795 -0.08490021
-0.17177068 -0.09404647
-0.2211909 -0.12012031
-0.17042549 -0.05767362
-0.18306634 -0.04734542
-0.1089202 -0.26955196
-0.043741282 -0.11125434
0.12629889 -0.040132433
0.12634131 -0.040070537
0.12732977 -0.039780784
0.1073069 -0.016141014
0.060811587 0.0031393913
0.14099874 0.031743575
0.10843253 0.032079905
0.012455983 -0.17080697
0.010761006 -0.16027479
-0.037148915 -0.14224565
0.06689512 -0.12452403
0.01227704 -0.13856131
-0.0012630126 -0.112515144
0.3357738 -0.12142187
0.13315335 -0.039411277
0.16922149 -0.027256992
0.16764775 -0.116509706
0.17947681 -0.116130106
0.26521426 -0.121928655
0.24885865 -0.1174038
0.113674924 -0.26127335
0.17562194 -0.17042403
0.0682227 -0.16183853
0.06997995 -0.12562792
0.10747156 -0.19681373
0.10304437 -0.20789678
0.104175344 -0.09187022
0.08748733 -0.11407565
0.09770443 -0.12740126
0.14438401 -0.121432275
0.13744983 -0.1474796
0.12505694 -0.15739307
0.1467949 0.14614749
0.10118536 0.17657903
0.1476526 0.14621153
0.1728948 0.11559732
0.23771736 0.18088643
0.17070162 0.08106321
0.17233023 0.113303475
0.19478184 0.09716131
0.15101948 0.095371775
0.1543698 0.08351051
0.13063973 0.070371985
0.12461545 0.057562526
0.1276817 0.055139188
0.1516263 0.077737615
0.15544324 0.051789355
0.101487935 0.10758884
0.104434155 0.08712634
0.122585565 0.1158927
0.13890363 0.11349015
0.14531848 0.10020837
-0.16815828 -0.09470463
-0.15183404 -0.10890651
-0.12952736 -0.07621215
-0.11009225 -0.08395233
-0.14363988 -0.20391002
-0.16650477 -0.1768592
-0.13589887 -0.13220477
-0.111231625 -0.10940112
-0.046621606 -0.18434267
-0.0406372 -0.17147352
-0.040359054 -0.17358828
0.07097913 0.017084368
0.0839471 0.063343905
0.107009195 0.03406552
0.10249688 0.046428274
0.039634228 -0.077072024
0.05642048 -0.11453872
0.017198596 -0.08585696
0.008311582 -0.103504315
-0.14321488 -0.18818203
-0.13894005 -0.14514391
-0.1316654 -0.15101786
-0.14696851 -0.14789498
-0.15104978 -0.15535384
-0.10699189 -0.20541814
-0.12972188 -0.15230015
-0.07118421 -0.13260014
-0.089107044 -0.13291845
-0.07127536 -0.14919202
-0.07948131 -0.16605741
-0.108893536 -0.15012972
-0.09962471 -0.14672936
-0.092957854 -0.17886327
-0.08340795 -0.16748825/149 147 148 151 150
62 27 99 109 108 111 112
71 34 77 76 79 81
10 9 19 18 12
120 26 59 122 125
135 134 136
123 122 125 124 128 127
172 158 159 179 183 182 177 173
54 53 55 56
180 178 179 183 185 181
143 142 145 146 144
90 42 43 46 45 44 92
131 124 128
106 105 144 143 166 165
51 48 49 50 52
37 34 77 74
11 1 7 54 56
63 62 112 170 169 67 64
50 21 53 55 52
9 8 89 91 19
40 39 146 145 141 137 82 41
153 152 154 155
26 14 57 160 162 107 59
181 160 162 161 180
173 171 175 174 172
20 10 12 11 56 55 52 51
5 0 3 4 15 16
18 17 44 92 91 19
83 82 137 139
107 59 122 123 110 111 108
7 6 21 53 54
90 89 91 92
74 73 75 76 77
93 25 27 99 178 179 159
45 38 75 76 79 78 46
174 22 23 24 157 175
104 28 29 42 43 87 86 164 163
58 39 146 144 105
98 57 160 181 185 184 176
95 94 96 97
85 84 147 148 88 86 87
68 58 105 106 103 101 102
87 43 46 78 80 72 85
66 28 29 61 64 67
118 113 115 114 119
72 69 70 71 81 80
40 30 31 41
114 68 102 117 119
142 88 148 151 140 141 145
13 8 89 90 42 29 61 60
88 86 164 166 143 142
80 78 79 81
35 15 16 38 75 73
104 103 106 165 163
155 93 159 158 153
100 32 126 129 116
101 100 116 117 102
25 13 60 63 62 27
36 35 73 74 37
70 33 133 149 147 84 69
169 167 168 170
121 120 125 124 131 130
177 176 184 182
108 107 162 161 109
154 47 96 94 152
47 20 51 48 97 96
168 110 111 112 170
150 132 134 135 138 140 151
65 32 126 127 123 110 168 167
171 156 157 175
17 5 16 38 45 44
117 116 129 130 121 118 119
1 0 5 17 18 12 11
127 126 129 130 131 128
176 98 156 171 173 177
178 99 109 161 180
63 60 61 64
40 30 115 114 68 58 39
66 65 167 169 67
13 8 9 10 20 47 154 155 93 25
95 22 174 172 158 153 152 94
66 28 104 103 101 100 32 65
3 2 4
184 182 183 185
84 69 72 85
165 163 164 166
150 132 133 149
139 137 141 140 138