-0.061346438 -0.16239583
-0.052926138 -0.24626398
-0.095959455 -0.17145325
-0.06191506 -0.16164225
0.022376604 -0.11109283
0.035801414 -0.052507006
0.04878039 -0.06207976
0.049230903 -0.10992965
0.03606032 -0.04524251
0.029372968 -0.035931733
0.07124782 -0.020087628
0.07804464 -0.01935167
0.08617974 -0.035062388
0.076001056 -0.061781507
0.05298037 -0.057722047
0.14631069 -0.076120906
0.13158454 -0.08432956
0.121889286 -0.08481679
0.119951 -0.08393673
0.120865144 -0.039529745
0.1346371 -0.016230028
0.14814523 -0.07022911
0.07802821 0.025184197
0.059778634 0.06558769
0.059678666 0.06625706
0.11441607 0.06631043
0.118631594 0.065112345
0.112277575 0.0133155845
0.105536126 0.011897055
0.08511049 -0.10984695
0.10223043 -0.16066302
0.09318259 -0.17361297
0.069719486 -0.16120712
0.06504341 -0.119941086
-0.17219147 -0.06336555
-0.17001905 -0.10091865
-0.17167352 -0.102573305
-0.18967596 -0.061233047
-0.18856794 -0.061087556
-0.1384135 -0.019791443
-0.1244476 -0.026479715
-0.11352588 -0.04490739
-0.113489494 -0.04565502
-0.13970146 -0.064482994
-0.16254543 -0.05761738
-0.1484628 -0.020860335
0.16662197 0.16405122
0.16513844 0.16098978
0.16534121 0.16062658
0.071985416 0.023986744
0.061756104 0.016817063
0.045756925 0.014469075
0.057520974 0.056010164
-0.17615297 -0.10731478
-0.18635821 -0.11962822
-0.37833324 -0.1203446
-1.0714868 -0.09956287
-0.19594578 -0.061863173
0.16666774 -0.045864783
0.14663994 -0.008967507
0.15139383 -0.007617763
0.17122732 -0.012149839
0.18748617 -0.029257268
0.18104477 -0.0412376
0.16367888 0.024562256
0.1549398 0.044413466
0.17959766 0.036671013
-0.07715226 0.0437409
-0.053812273 0.038802747
-0.047790993 0.0308998
-0.08117445 0.009361212
-0.09086034 0.012732607
-0.09489399 0.020893527
0.0022094073 0.056272697
-0.025609083 0.027726829
-0.029010672 0.027688079
-0.041560616 0.032622706
-0.049062856 0.042469416
-0.04853541 0.056472823
-0.033472106 0.06816873
0.0049172193 0.062487856
0.036321823 0.115360774
0.027675679 0.09063726
0.02570066 0.089815065
-0.028941775 0.115107514
-0.033293344 0.11916774
-0.004616762 0.17555894
0.008125605 0.18536499
0.010030685 0.18227942
0.15557393 -0.0024182922
0.16488175 0.01793868
0.18332292 0.031966124
0.1766406 -0.0019496923
0.17193475 -0.0061568394
0.09141868 -0.038164318
0.114827454 -0.04129871
0.11396886 -0.08300767
0.107973985 -0.08333569
0.0815418 -0.06409118
0.17484656 -0.14287102
0.16839154 -0.14555418
0.12510797 -0.14311463
0.124353655 -0.090700515
0.13108838 -0.090362065
-0.057826385 -0.15709955
-0.060158916 -0.12046014
-0.046072796 -0.11661018
-0.0121233035 -0.14111127
-0.02203391 -0.15749839
-0.056974575 -0.1582284
-0.019339042 -0.049778473
-0.031407837 -0.046136927
-0.041681223 -0.03988725
-0.052598987 -0.025403861
-0.027742913 0.021702131
-0.026001098 0.021721976
0.0074141687 -0.032998145
-0.13312872 0.056169983
-0.113952704 0.07092675
-0.09819416 0.073414065
-0.0977207 0.07283597
-0.08201277 0.047264356
-0.09915665 0.025186881
-0.12669757 0.041650347
-0.03235825 0.07406925
-0.037392568 0.0835895
-0.028877115 0.10846601
0.020996252 0.085381016
0.007914068 0.06810972
-0.11865821 -0.024479883
-0.09205195 0.006794302
-0.0829295 0.0036190224
-0.07147319 -0.019768707
-0.109446995 -0.040021516
-0.16509187 -0.16840747
-0.3518924 -0.12624599
-0.18602666 -0.12562703
-0.1621336 -0.14557487
-0.07926055 -0.113882095
-0.066190474 -0.12015512
-0.063910246 -0.15597306
-0.10037126 -0.16648047
-0.105187915 -0.16476318
-0.09033849 -0.11756694
0.1103025 0.12104712
0.11647029 0.1317138
0.11677581 0.13147543
0.12599704 0.119845964
-0.108869925 0.17486438
-0.09597168 0.22469522
-0.07785066 0.18375826
-0.088574596 0.14098743
-0.10232071 0.15867892
0.11174528 0.11491915
0.13127252 0.11342467
0.1316152 0.11308029
0.13015105 0.10762554
-0.16532677 0.0124525605
-0.16845003 0.043495648
-0.14847578 0.056570284
-0.13895208 0.054501835
-0.13224918 0.039368697
-0.13567755 0.02807357
0.12879889 0.20192596
0.16868587 0.28514713
0.16198948 0.16825044
0.16150013 0.16724059
0.118996575 0.13735288
0.11765157 0.13840227
0.10922659 0.14775954
0.13705485 -0.08814949
0.1494014 -0.081267275
0.16861579 -0.08393577
0.20273218 -0.14203861
0.18121155 -0.14113668
-0.042044453 0.079551384
-0.038129818 0.07214853
-0.050403394 0.06261871
-0.05041229 0.06263695
-0.05288762 0.075240314
-0.022050085 -0.05522764
-0.023122417 -0.071547404
-0.0472579 -0.11071402
-0.0630193 -0.115021855
-0.076210134 -0.10869087
-0.077607036 -0.092025615
-0.031920422 -0.052249443
0.100708075 0.11283893
0.12884083 0.10169082
0.12416576 0.07183133
0.121600136 0.07050628
0.11694224 0.07183008
0.09728605 0.11216524
-0.13168593 0.1541042
-0.13342676 0.15158185
-0.13819785 0.16839348
-0.12945367 0.16568263
-0.11099245 -0.051248834
-0.10878802 -0.05404238
-0.12526974 -0.10117832
-0.1348109 -0.094184086
-0.13607186 -0.06926329
0.13718404 -0.0043467847
0.118166946 0.012047163
0.12470667 0.06535774
0.12699167 0.06653786
0.14702676 0.047496766
0.15917832 0.019893967
0.14916112 -0.0020145301
0.14172654 -0.004125388
-0.10400193 -0.05853278
-0.09456245 -0.066327974
-0.08367201 -0.09150145
-0.08224291 -0.10855089
-0.093024656 -0.11213721
-0.11763059 -0.10876845
-0.120388374 -0.105396226
-0.11524274 -0.16719338
-0.15695892 -0.19070308
-0.1595134 -0.17204797
-0.1562481 -0.14684547
-0.14344308 -0.14427553
-0.088179484 -0.06597099
-0.043924924 -0.04554533
-0.037704214 -0.04932962
-0.07959914 -0.08580463
-0.1654488 -0.10483366
-0.13841957 -0.09897818
-0.12585638 -0.10818774
-0.123060144 -0.111606985
-0.14431323 -0.13833052
-0.15812775 -0.14110307
-0.18072653 -0.122235805
-0.17044535 -0.10983077
0.14538756 0.12440077
0.135361 0.11782226
0.13485861 0.11832716
0.123228915 0.1329941
0.15765442 0.15720147
0.19029886 0.03633399
0.25457326 0.06988025
0.2901124 0.06678451
0.18364322 0.0025536616
-0.06531262 -0.018705929
-0.076910876 0.004971594
-0.043104924 0.026782773
-0.03378067 0.023116482
-0.057525504 -0.021883547
0.0062542805 -0.13469732
-0.007399077 -0.13712136
-0.03829454 -0.11482435
0.010428803 -0.109849945
0.016134594 -0.11442294
0.103385046 0.14924882
0.07779036 0.13671397
0.0771932 0.15621425
0.11924336 0.19313678
0.10692911 -0.15581685
0.09030399 -0.10646949
0.10833818 -0.089324735
0.11634042 -0.08888688
0.11833999 -0.08979477
0.11912944 -0.14464906
-0.07029874 0.12633204
-0.083500355 0.13655443
-0.07269345 0.17965621
-0.050992828 0.16867118
0.057177223 0.07225461
0.033630904 0.08949034
0.04191637 0.1131825
0.07262667 0.12630478
0.090489775 0.11241509
0.11003571 0.07230615
-0.05450681 0.057345197
-0.054965034 0.045179464
-0.076487675 0.04973311
-0.08855416 0.06937667
-0.05540613 0.05918889
-0.112883866 0.07716973
-0.123328194 0.12226431
-0.08809086 0.13252048
-0.072918616 0.12077222
-0.080334246 0.098947026
-0.098454855 0.07944719
-0.13187663 0.14326479
-0.12710157 0.15018354
-0.10620334 0.15389684
-0.09327674 0.13726006
-0.1267731 0.12751062
-0.13616833 0.13102446
-0.14038217 0.12619455
-0.12945035 0.12210601
-0.11853376 0.07497237
-0.13755137 0.060337503
-0.14712282 0.06241632
-0.15816712 0.08180561
-0.15694906 0.124694824
0.18600573 0.04094774
0.15109234 0.05191038
0.13423957 0.06792702
0.21193655 0.08358819
0.24626821 0.0723137
0.18645996 0.041098434
-0.03907563 -0.108872905
-0.019702189 -0.07743403
0.005082453 -0.1043646
-0.05907071 0.075588904
-0.057190217 0.0660142
-0.09262635 0.076905206
-0.0775646 0.09311336
0.16376767 -0.15130308
0.11582521 -0.23079054
0.097460456 -0.17796624
0.10782652 -0.16312952
0.12324173 -0.14901896
0.10239531 -0.08669582
0.085104994 -0.10313339
0.06190805 -0.11480191
0.055241626 -0.11104022
0.05480001 -0.06413549
0.07671725 -0.068000376
0.13243088 -0.008170971
0.11631054 -0.035443746
0.09140724 -0.03210924
0.08344762 -0.016737398
0.106627665 0.0059953462
0.11415944 0.0075801765
-0.0062616454 -0.14301325
0.006983597 -0.14066166
0.029253267 -0.17053373
-0.0024508124 -0.22589903
-0.017128235 -0.16098107
-0.04498556 0.16738373
-0.012416374 0.17345805
-0.038728964 0.12171554
-0.06456238 0.12445047
-0.1346696 -0.014931849
-0.13021934 0.025398059
-0.12729895 0.035019547
-0.10071401 0.019127546
-0.096569955 0.010743246
-0.12311884 -0.02046351
0.042900182 0.007985561
0.060633484 0.0105880415
0.06699613 -0.015281209
0.02794482 -0.030056972
0.037681136 0.0035203013
-0.0067654564 -0.23402315
-0.02940254 -0.3198486
-0.045580983 -0.25936162
-0.055136014 -0.1641913
-0.022707058 -0.16351376
-0.117921166 -0.114784636
-0.096668534 -0.1176943
-0.110916205 -0.162978
-0.13845208 -0.14060012
0.1235883 0.20493661
0.07501043 0.16228235
0.07201671 0.16786626
0.16996469 0.3022578
0.16970474 0.3011551
0.022728778 -0.036966264
0.030672615 -0.048026443
0.017051572 -0.10746862
0.013399848 -0.10454188
-0.017099885 -0.07140141
-0.016007155 -0.054771204
0.012382188 -0.036964644
-0.15007664 -0.014998146
-0.167072 -0.006836636
-0.16513094 0.005773924
-0.13677254 0.020714855
-0.14060213 -0.013990391
0.013202732 -0.030964775
-0.020554991 0.024316143
0.00420034 0.049718756
0.03179864 0.004777874
0.021434063 -0.03096606
-0.048366055 -0.040986877
-0.09163999 -0.060959935
-0.103255436 -0.051367827
-0.10746391 -0.04603465
-0.10747676 -0.04577072
-0.06733427 -0.024361283
-0.058039576 -0.02815409
0.072830595 -0.013881175
0.066299185 0.012674273
0.076022856 0.019489553
0.100005805 0.007905077
0.07840651 -0.013277418
0.13932593 -0.010249516
0.1404784 -0.010193342
0.16171628 -0.04931994
0.15252973 -0.06303201
-1.1537514 -0.097099625
-7.968049 -0.0801178
-0.416064 0.013409849
-0.1768831 -0.011575586
-0.19083582 -0.055333838
-0.19427778 -0.055785794
-0.16621533 -0.06277953
-0.14203995 -0.07004529
-0.14085987 -0.09336766
-0.1641539 -0.09841397
-0.055639204 0.08060315
-0.074241035 0.09822989
-0.06728409 0.11870509
-0.038304284 0.11563705
-0.03410531 0.11171919
-0.0430422 0.08561152
-0.1846165 -0.05557944
-0.17064902 -0.011774849
-0.15439728 -0.01957927
-0.1688421 -0.057281718
-0.1697323 -0.057649847
0.1304668 0.073287226
0.13511477 0.1029736
0.13756178 0.11209005
0.14803287 0.11896024
0.2054519 0.08924781
0.20613876 0.08854022
-0.17300588 -0.0059479633
-0.38867357 0.016581224
-0.17429703 0.04167383
-0.17088927 0.0078030573
0.011840048 0.063355714
0.027538445 0.08408098
0.029657526 0.08496315
0.05341569 0.067572355
0.053810563 0.06492832
0.038968448 0.012518018
0.035767995 0.0097798025
0.008116025 0.05480808
0.021486506 -0.117137
0.05153087 -0.115835644
0.059018575 -0.12006076
0.06362896 -0.16074711
0.03409206 -0.16698574
0.011779388 -0.13705596
0.1811251 -0.04751484
0.18770687 -0.06932892
0.16996783 -0.078065954
0.15273441 -0.075672574
0.15399462 -0.07162533
0.16713005 -0.05201909
0.07117431 0.15673932
0.07190046 0.13302694
0.07123579 0.13223524
0.04118362 0.1193942
0.017717117 0.17912333
0.066443495 0.16556329
-0.12333551 0.16572244
-0.113591164 0.17053619
-0.109114796 0.1594735
-0.12508744 0.1566354
0.10507995 0.14339799
0.11190953 0.13581266
0.1031268 0.12062366
0.09993297 0.1188015
0.09364344 0.11756329
0.077677526 0.12997779/0 1 2 3
4 5 6 7
8 9 10 11 12 13 14
15 16 17 18 19 20 21
22 23 24 25 26 27 28
29 30 31 32 33
34 35 36 37 38
39 40 41 42 43 44 45
46 47 48
49 50 51 52
53 54 55 56 57
58 59 60 61 62 63
64 65 66
67 68 69 70 71 72
73 74 75 76 77 78 79 80
81 82 83 84 85 86 87 88
89 90 91 92 93
94 95 96 97 98
99 100 101 102 103
104 105 106 107 108 109
110 111 112 113 114 115 116
117 118 119 120 121 122 123
124 125 126 127 128
129 130 131 132 133
134 135 136 137
138 139 140 141 142 143
144 145 146 147
148 149 150 151 152
153 154 155 156
157 158 159 160 161 162
163 164 165 166 167 168 169
170 171 172 173 174
175 176 177 178 179
180 181 182 183 184 185 186
187 188 189 190 191 192
193 194 195 196
197 198 199 200 201
202 203 204 205 206 207 208 209
210 211 212 213 214 215 216
217 218 219 220 221
222 223 224 225
226 227 228 229 230 231 232 233
234 235 236 237 238
239 240 241 242
243 244 245 246 247
248 249 250 251 252
253 254 255 256
257 258 259 260 261 262
263 264 265 266
267 268 269 270 271 272
273 274 275 276 277
278 279 280 281 282 283
284 285 286 287 288 289
290 291 292 293 294 295 296
297 298 299 300 301 302
303 304 305
306 307 308 309
310 311 312 313 314
315 316 317 318 319 320
321 322 323 324 325 326
327 328 329 330 331
332 333 334 335
336 337 338 339 340 341
342 343 344 345 346
347 348 349 350 351
352 353 354 355
356 357 358 359 360
361 362 363 364 365 366 367
368 369 370 371 372
373 374 375 376 377
378 379 380 381 382 383 384
385 386 387 388 389
390 391 392 393
394 395 396 397 398 399
400 401 402 403
404 405 406 407 408 409
410 411 412 413 414
415 416 417 418 419 420
421 422 423 424
425 426 427 428 429 430 431 432
433 434 435 436 437 438
439 440 441 442 443 444
445 446 447 448 449 450
451 452 453 454
455 456 457 458 459 460